143
299
417
473
501
597
618
725
793
952
1160
1184
1361
1486
1505
1644
1872
2154
2191
2343
2367
2410
2529
2693
2938
2961
3070
3092
3370
3425
3695
3889
3929
3959
4003
4053
4248
4462
4602
4798
4982
5022
5045
5384
5435
5650
5839
5874
5944
6215
6481
6518
6603
6882
6942
6980
7158
7193
7223
7355
7584
7812
8006
8254
8292
8351
8812
9073
9529
9882
9962
10411
10435
10609
10674
10979
11449
11488
12253
12296
12613
12864
13082
13145
13386
13615
14014
14082
14481
14791
15243
15487
15548
15585
15854
15910
16371
16406
16837
17389
17521
17587
17648
17712
18255
18295
18648
19039
19132
19344
19974
20164
20553
20881
20939
21004
21044
21308
21806
22307
22337
22722
23037
23394
23630
23672
23725
23795
23843
23895
24243
24517
24557
25008
25051
25105
25401
25493
26227
26524
27201
27242
27911
28263
28677
29254
29609
29650
29909
30230
30289
30842
31182
31261
31294
31394
31726
31794
32117
32382
32435
32616
32932
32989
33303
33380
33674
34194
34509
34615
34675
35427
35456
35816
36312
36788
36833
37484
38008
38522
38772
39041
39375
39466
39512
39879
40058
40094
40151
40654
41050
41126
41175
41206
41252
41508
41556
41592
41836
42080
42606
42810
43360
44024
44151
44189
44498
44817
45759
45859
45951
46023
46481
46528
46860
47113
47325
47581
47646
47953
48530
48584
48828
49400
50038
50107
50163
50203
50239
50531
50573
50770
51742
51820
51856
52054
52129
52197
52281
52442
52521
52563
53021
53128
53403
53703
53917
54199
54264
54588
